{
  "advancedEditorSelectedIdentifier" : "ProjectBrowser",
  "openSceneRelativePaths" : [
    "Immersive.usda"
  ],
  "recentIdentifiers" : {
    "1D572CEB-057A-41C3-B575-04C37501A3C0" : [

    ],
    "D8B0EC37-52F5-468C-9FCB-94D38794B100" : [

    ]
  },
  "sceneCameraHistory" : {
    "1D572CEB-057A-41C3-B575-04C37501A3C0" : [
      {
        "date" : 731265680.900485,
        "title" : "Untitled",
        "transform" : [
          -0.5496392,
          -0.83518004,
          0.019263528,
          0,
          0.15471393,
          -0.07910435,
          0.98478734,
          0,
          -0.82095087,
          0.5442581,
          0.17269285,
          0,
          -5.7655163,
          6.156803,
          1.3646953,
          1
        ]
      },
      {
        "date" : 731265676.233786,
        "title" : "Untitled",
        "transform" : [
          -0.54991657,
          -0.83518004,
          0.008131019,
          0,
          0.1347432,
          -0.07910435,
          0.987718,
          0,
          -0.8242791,
          0.5442581,
          0.15603563,
          0,
          -2.7154016,
          11.4712305,
          -1.0368857,
          1
        ]
      },
      {
        "date" : 731265672.379709,
        "title" : "Untitled",
        "transform" : [
          -0.549716,
          -0.83518004,
          -0.016932849,
          0,
          0.089600645,
          -0.07910435,
          0.9928314,
          0,
          -0.83053243,
          0.5442581,
          0.1183176,
          0,
          -22.523195,
          96.936554,
          -9.798488,
          1
        ]
      },
      {
        "date" : 731265668.783976,
        "title" : "Untitled",
        "transform" : [
          -0.549716,
          -0.83518004,
          -0.016932849,
          0,
          0.089600645,
          -0.07910435,
          0.9928314,
          0,
          -0.83053243,
          0.5442581,
          0.1183176,
          0,
          -0.2455883,
          1.0569763,
          -0.1068407,
          1
        ]
      },
      {
        "date" : 731265665.816932,
        "title" : "Untitled",
        "transform" : [
          -0.549716,
          -0.83518004,
          -0.016932849,
          0,
          0.089600645,
          -0.07910435,
          0.9928314,
          0,
          -0.83053243,
          0.5442581,
          0.1183176,
          0,
          -0.24090937,
          1.0234374,
          0.080281764,
          1
        ]
      },
      {
        "date" : 731265652.190043,
        "title" : "Untitled",
        "transform" : [
          -0.549716,
          -0.83518004,
          -0.016932849,
          0,
          0.089600645,
          -0.07910435,
          0.9928314,
          0,
          -0.83053243,
          0.5442581,
          0.1183176,
          0,
          -0.6238632,
          0.4404678,
          0.07377729,
          1
        ]
      },
      {
        "date" : 731265638.076059,
        "title" : "Untitled",
        "transform" : [
          -0.4836442,
          0.00064684637,
          -0.87526447,
          0,
          -0.83335024,
          0.30540824,
          0.46070936,
          0,
          0.26761103,
          0.95222133,
          -0.14716989,
          0,
          0.23143956,
          0.7251508,
          -0.09618917,
          1
        ]
      },
      {
        "date" : 731265468.101206,
        "title" : "Untitled",
        "transform" : [
          0.9926501,
          1.0422044e-05,
          -0.121020116,
          0,
          -0.117541395,
          0.23812394,
          -0.96409595,
          0,
          0.028807735,
          0.97123474,
          0.23637496,
          0,
          -0.003253173,
          0.74083996,
          0.19951448,
          1
        ]
      },
      {
        "date" : 731265454.718961,
        "title" : "Untitled",
        "transform" : [
          0.9926498,
          1.1048883e-05,
          -0.12102264,
          0,
          -0.117544,
          0.23812394,
          -0.9640956,
          0,
          0.028807735,
          0.97123474,
          0.23637496,
          0,
          -0.003253173,
          0.74083996,
          0.19951448,
          1
        ]
      },
      {
        "date" : 731263114.421714,
        "title" : "Untitled",
        "transform" : [
          0.99264944,
          1.17114005e-05,
          -0.12102533,
          0,
          -0.11754678,
          0.23812395,
          -0.96409535,
          0,
          0.028807735,
          0.97123474,
          0.23637496,
          0,
          -0.003253173,
          0.74083996,
          0.19951448,
          1
        ]
      }
    ],
    "D8B0EC37-52F5-468C-9FCB-94D38794B100" : [
      {
        "date" : 731181706.06437,
        "title" : "Untitled",
        "transform" : [
          0.844495,
          -0.0008738256,
          -0.5355627,
          0,
          -0.5012947,
          0.35067394,
          -0.79103196,
          0,
          0.18849915,
          0.9364973,
          0.29570436,
          0,
          4.7862053,
          7.253556,
          2.132865,
          1
        ]
      },
      {
        "date" : 731181700.330753,
        "title" : "Untitled",
        "transform" : [
          0.844495,
          -0.0008738256,
          -0.5355627,
          0,
          -0.5012947,
          0.35067394,
          -0.79103196,
          0,
          0.18849915,
          0.9364973,
          0.29570436,
          0,
          4.4637794,
          7.6310453,
          1.1428823,
          1
        ]
      },
      {
        "date" : 731181544.165476,
        "title" : "Untitled",
        "transform" : [
          0.844495,
          -0.0008738256,
          -0.5355627,
          0,
          -0.5012947,
          0.35067394,
          -0.79103196,
          0,
          0.18849915,
          0.9364973,
          0.29570436,
          0,
          3.962688,
          7.1573753,
          2.9624214,
          1
        ]
      },
      {
        "date" : 731179628.510309,
        "title" : "Untitled",
        "transform" : [
          0.844495,
          -0.0008738256,
          -0.5355627,
          0,
          -0.5012947,
          0.35067394,
          -0.79103196,
          0,
          0.18849915,
          0.9364973,
          0.29570436,
          0,
          4.459346,
          6.934769,
          3.3508186,
          1
        ]
      },
      {
        "date" : 731179548.642302,
        "title" : "Untitled",
        "transform" : [
          0.844495,
          -0.0008738256,
          -0.5355627,
          0,
          -0.5012947,
          0.35067394,
          -0.79103196,
          0,
          0.18849915,
          0.9364973,
          0.29570436,
          0,
          4.5690775,
          6.923533,
          3.316454,
          1
        ]
      },
      {
        "date" : 731179488.349607,
        "title" : "Untitled",
        "transform" : [
          0.8444951,
          -0.0008738257,
          -0.53556275,
          0,
          -0.5012947,
          0.35067394,
          -0.79103196,
          0,
          0.18849915,
          0.9364973,
          0.29570436,
          0,
          4.0114813,
          6.8417335,
          3.9309554,
          1
        ]
      },
      {
        "date" : 731179438.525344,
        "title" : "Untitled",
        "transform" : [
          0.7930643,
          -0.00087382254,
          -0.6091374,
          0,
          -0.5871553,
          0.26512545,
          -0.764825,
          0,
          0.16216616,
          0.96421355,
          0.20974846,
          0,
          3.9602363,
          7.305291,
          3.050074,
          1
        ]
      },
      {
        "date" : 731179408.184746,
        "title" : "Untitled",
        "transform" : [
          0.7930643,
          -0.00087382254,
          -0.6091374,
          0,
          -0.5871553,
          0.26512545,
          -0.764825,
          0,
          0.16216616,
          0.96421355,
          0.20974846,
          0,
          3.6278803,
          7.614047,
          1.8876822,
          1
        ]
      },
      {
        "date" : 731179324.383655,
        "title" : "Untitled",
        "transform" : [
          0.7930643,
          -0.00087382254,
          -0.6091374,
          0,
          -0.5871553,
          0.26512545,
          -0.764825,
          0,
          0.16216616,
          0.96421355,
          0.20974846,
          0,
          3.6278803,
          7.614047,
          1.8876822,
          1
        ]
      },
      {
        "date" : 731179149.754035,
        "title" : "Untitled",
        "transform" : [
          0.9223103,
          -0.00087382254,
          -0.38644928,
          0,
          -0.3724062,
          0.26512545,
          -0.8893942,
          0,
          0.103234716,
          0.96421355,
          0.24420252,
          0,
          3.0256348,
          7.614047,
          2.7514346,
          1
        ]
      }
    ]
  },
  "selectedSceneRelativePath" : "Immersive.usda"
}